Date,Open,High,Low,Close,Volume
17-06-2025,702,705.97,696.06,697.23,10066110
18-06-2025,698.18,701.59,694.9,695.77,10068255
20-06-2025,700.75,701.82,678.67,682.35,22538640
23-06-2025,683.69,699.05,678.75,698.53,11080055
24-06-2025,704.89,713.19,702.11,712.2,13823180
25-06-2025,713.32,716.58,705.38,708.68,9320436
26-06-2025,714.36,728.22,711.05,726.09,13964793
27-06-2025,726.52,735.43,725.86,733.63,18775735
30-06-2025,744.55,747.9,734.25,738.09,15402105
01-07-2025,736.88,737.75,715.37,719.22,13431248
02-07-2025,715.33,720.3,712.8,713.57,9336740
03-07-2025,726.61,729.03,714.42,719.01,8601653
07-07-2025,717.6,727,713.51,718.35,9457080
08-07-2025,721.57,722.91,714.81,720.67,7770693
09-07-2025,722.72,737.53,722.72,732.78,11417963
