Date,Open,High,Low,Close,Volume
17-06-2025,326.09,327.26,314.74,316.35,88282669
18-06-2025,317.31,329.32,315.45,322.05,95137686
20-06-2025,327.95,332.36,317.78,322.16,108688008
23-06-2025,327.54,357.54,327.48,348.68,190716815
24-06-2025,356.17,356.26,340.44,340.47,114736245
25-06-2025,342.7,343,320.4,327.55,119845050
26-06-2025,324.61,331.05,323.61,325.78,80440907
27-06-2025,324.51,329.34,317.5,323.63,89067049
30-06-2025,319.9,325.58,316.6,317.66,76695081
01-07-2025,298.46,305.89,293.21,300.71,145085665
02-07-2025,312.63,316.83,303.82,315.65,119483730
03-07-2025,317.99,318.45,312.76,315.35,58042302
07-07-2025,291.37,296.15,288.77,293.94,131177949
08-07-2025,297,304.05,294.35,297.81,103246742
09-07-2025,297.55,300.15,293.55,295.88,75586771
