Date,Open,High,Low,Close,Volume
17-06-2025,397.28,399.67,381.8,382.68,6866253
18-06-2025,383.99,385.27,377.54,378.04,4808869
20-06-2025,380.48,382.29,373.76,376.92,8126939
23-06-2025,377.59,380.21,374.24,380.12,3841754
24-06-2025,384.96,385,378.51,382.34,4797074
25-06-2025,383.6,388.05,382,387.55,3718763
26-06-2025,383.6,388.05,382,387.55,14092
27-06-2025,385.44,390.31,384.41,385.83,5083803
30-06-2025,387.3,390.98,384.63,386.88,4645498
01-07-2025,385.1,392.58,381.52,392.1,4516381
02-07-2025,384.64,386.88,372.73,378.47,6912202
03-07-2025,378,383.2,377.8,379.31,2863680
07-07-2025,378.9,382.22,375.52,376.93,3545108
08-07-2025,378.5,386.6,377.18,382.24,3708199
09-07-2025,383.5,384.75,370.91,373.38,4726562
