Date,Open,High,Low,Close,Volume
17-06-2025,1219.95,1232.36,1216.09,1220.67,1892126
18-06-2025,1229.99,1242,1220.5,1222.29,2281047
20-06-2025,1234.45,1248.5,1224.35,1231.41,5348193
23-06-2025,1238.03,1254.84,1215.01,1253.54,2667318
24-06-2025,1260.55,1282.57,1255,1279.11,2663307
25-06-2025,1286.84,1298,1273.81,1275.25,2146510
26-06-2025,1280,1307.34,1280,1306.67,2605870
27-06-2025,1306.88,1331.35,1301,1323.12,4070857
30-06-2025,1331,1341.15,1321.21,1339.13,3282908
01-07-2025,1338.23,1338.77,1282.22,1293.6,4993567
02-07-2025,1296.96,1299.95,1271.59,1284.86,3048801
03-07-2025,1292,1302.26,1279.76,1297.18,2006224
07-07-2025,1295,1295,1276.02,1289.62,2273737
08-07-2025,1290.9,1293.25,1260,1275.31,3292525
09-07-2025,1273.99,1288.29,1266.24,1288.28,2384477
