Date,Open,High,Low,Close,Volume
17-06-2025,175.7,177.36,174.58,175.95,24973043
18-06-2025,176.01,176.56,173.2,173.32,28707524
20-06-2025,173.95,174.34,165.46,166.64,75659917
23-06-2025,166.27,167.34,162,165.19,57670985
24-06-2025,166.92,168.22,166.13,166.77,40524312
25-06-2025,167.63,172.36,167.55,170.68,35478989
26-06-2025,172.43,173.69,169.94,173.54,31796690
27-06-2025,173.54,178.68,171.73,178.53,108140200
30-06-2025,180.78,181.23,174.58,176.23,63378856
01-07-2025,175.74,176.09,173.53,175.84,35904526
02-07-2025,175.54,178.86,175.07,178.64,29128947
03-07-2025,178.5,179.67,177.05,179.53,21689729
07-07-2025,179.06,179.3,175.68,176.79,34175648
08-07-2025,177.85,177.95,172.81,174.36,40442535
09-07-2025,175.25,179.44,172.77,176.62,43025594
