Date,Open,High,Low,Close,Volume
17-06-2025,144.49,145.22,143.78,144.12,139108000
18-06-2025,144.01,145.65,143.12,145.48,161494121
20-06-2025,145.45,146.2,142.65,143.85,242956157
23-06-2025,142.5,144.78,142.03,144.17,154308941
24-06-2025,145.56,147.96,145.5,147.9,187566121
25-06-2025,149.27,154.45,149.26,154.31,269146471
26-06-2025,155.98,156.72,154,155.02,198145746
27-06-2025,156.04,158.71,155.26,157.75,263234539
30-06-2025,158.4,158.66,155.96,157.99,194580316
01-07-2025,156.29,157.2,151.49,153.3,213143621
02-07-2025,152.98,157.6,152.97,157.25,171224111
03-07-2025,158.37,160.98,157.77,159.34,143716055
07-07-2025,158.2,159.31,157.34,158.24,140138975
08-07-2025,159.33,160.22,158.39,160,138133025
09-07-2025,161.22,164.42,161.16,162.88,183656443
