Date,Open,High,Low,Close,Volume
17-06-2025,215.2,217.41,214.56,214.82,32086262
18-06-2025,215.09,217.96,212.34,212.52,44360509
20-06-2025,214.68,214.89,208.27,209.69,75350733
23-06-2025,209.79,210.39,207.31,208.47,37311725
24-06-2025,212.14,214.34,211.05,212.77,38378757
25-06-2025,214.62,216.03,211.11,211.99,31755698
26-06-2025,213.12,218.04,212.01,217.12,50480814
27-06-2025,219.92,223.3,216.74,223.3,119217138
30-06-2025,223.52,223.82,219.12,219.39,58887780
01-07-2025,219.5,221.88,217.93,220.46,39256830
02-07-2025,219.73,221.6,219.06,219.92,30894178
03-07-2025,221.82,224.01,221.36,223.41,29632353
07-07-2025,223,224.29,222.37,223.47,36604139
08-07-2025,223.92,224,218.43,219.36,45691987
09-07-2025,221.07,224.29,220.47,222.54,38155121
