Date,Open,High,Low,Close,Volume
17-06-2025,475.4,478.74,474.08,478.04,15414128
18-06-2025,478,481,474.46,480.24,17526452
20-06-2025,482.23,483.46,476.87,477.4,37576206
23-06-2025,478.21,487.75,472.51,486,24863952
24-06-2025,488.95,491.85,486.8,490.11,22305642
25-06-2025,492.04,494.56,489.39,492.27,17495099
26-06-2025,492.98,498.04,492.81,497.45,21578853
27-06-2025,497.55,499.3,493.03,495.94,34539236
30-06-2025,497.04,500.76,495.33,497.41,28368991
01-07-2025,496.47,498.05,490.98,492.05,19945375
02-07-2025,489.99,493.5,488.7,491.09,16319641
03-07-2025,493.81,500.13,493.44,498.84,13984829
07-07-2025,497.38,498.75,495.23,497.72,13981605
08-07-2025,497.24,498.2,494.11,496.62,11846586
09-07-2025,500.3,506.78,499.74,503.51,18659538
