Date,Open,High,Low,Close,Volume
19-05-2025,115.02,115.53,114.06,114.74,37737373
20-05-2025,114.35,114.51,112.08,113.51,29030815
21-05-2025,113.85,116.1,111.09,112.06,43594606
22-05-2025,113.85,116.1,111.09,112.06,658492
23-05-2025,108.09,111.02,107.67,110.31,30867274
27-05-2025,113.18,115.4,112.27,114.56,37885019
28-05-2025,114.92,114.95,112.66,112.86,27483741
29-05-2025,115.49,115.54,112.13,113.03,30572131
30-05-2025,111.58,112.11,108.62,110.73,36088472
02-06-2025,111.06,114.86,111.01,114.63,34078358
03-06-2025,114.5,117.68,113.28,117.31,37161484
04-06-2025,117.41,119.3,115.73,118.58,31024986
05-06-2025,118.95,119.24,114.71,115.69,34182902
06-06-2025,117.69,118.38,115.88,116.19,27042083
09-06-2025,119.18,122.37,119.04,121.73,55437652
10-06-2025,121.11,124.09,120.8,123.24,41691908
11-06-2025,124.44,124.47,119.88,121.14,32261863
12-06-2025,120.62,122.25,118.03,118.5,44718365
13-06-2025,116.05,117.88,115.06,116.16,39702742
16-06-2025,118.64,128.14,117.78,126.39,100968478
17-06-2025,127.93,130.7,126.58,127.1,86623910
18-06-2025,128.01,129.21,125.77,126.79,49627112
20-06-2025,129,132.81,127.55,128.24,79930980
23-06-2025,130.47,133.25,126.82,129.58,65152874
24-06-2025,133.43,138.79,132.93,138.43,78571997
25-06-2025,140.94,144.18,139.46,143.4,74607219
26-06-2025,145.97,146,141.91,143.68,58180081
27-06-2025,144.18,147.75,141.63,143.81,61937853
30-06-2025,144,146,141.01,141.9,42972468
01-07-2025,138.77,140.23,135.12,136.11,55257237
02-07-2025,135.53,139.78,135.22,138.52,39227986
03-07-2025,139.11,139.5,137.32,137.91,28645993
07-07-2025,136.56,137.44,133.5,134.8,37395010
08-07-2025,137.32,139.15,135.91,137.82,36124612
09-07-2025,138.69,140.65,137.59,138.41,37013130
10-07-2025,143,145.82,141.85,144.16,61101465
11-07-2025,142.6,147.4,141.6,146.42,50049179
14-07-2025,145.09,147.58,141.9,146.24,44718554
15-07-2025,153.75,158.68,153.56,155.61,93370081
