Date,Open,High,Low,Close,Volume
17-06-2025,197.2,198.39,195.21,195.64,38856152
18-06-2025,195.94,197.57,195.07,196.58,45394689
20-06-2025,198.24,201.7,196.86,201,96813542
23-06-2025,201.63,202.3,198.96,201.5,55814272
24-06-2025,202.59,203.44,200.2,200.3,54064033
25-06-2025,201.45,203.67,200.62,201.56,39525730
26-06-2025,201.43,202.64,199.46,201,50799121
27-06-2025,201.89,203.22,200,201.08,73188571
30-06-2025,202.01,207.39,199.26,205.17,91912816
01-07-2025,206.67,210.19,206.14,207.82,78788867
02-07-2025,208.91,213.34,208.14,212.44,67941811
03-07-2025,212.15,214.65,211.81,213.55,34955836
07-07-2025,212.68,216.23,208.8,209.95,50228984
08-07-2025,210.1,211.43,208.45,210.01,42848928
09-07-2025,209.53,211.33,207.22,211.14,48749367
